100
954 669 490 934 774 888 841 926 385 20 360 215 498 879 787 344 336 758 969 866 942 849 873 21 355 484 627 98 720 925 180 566 583 775 873 594 670 564 650 880 818 796 860 7 290 997 158 352 576 859 827 307 324 562 893 428 60 935 529 676 442 198 905 964 388 196 630 508 372 699 556 834 5 485 148 175 748 636 901 583 308 858 505 700 386 129 247 550 203 533 232 147 414 376 890 957 639 692 597 383
634 242 312 905 886 219 636 694 924 152 895 466 285 883 562 140 656 283 455 635 672 768 561 864 388 11 363 6 605 430 393 107 392 411 188 52 561 199 740 962 13 658 598 477 366 558 771 197 992 485 344 643 537 448 59 761 760 253 617 684 966 748 239 203 247 720 442 618 757 719 77 888 469 131 296 920 3 171 853 636 446 965 195 596 630 550 714 185 86 484 63 597 803 843 635 158 496 778 398 43
633 483 696 968 863 970 299 757 819 219 802 485 296 310 244 228 892 812 387 516 591 14 354 507 753 884 890 589 441 479 975 808 73 538 837 539 706 544 937 405 892 406 712 920 66 584 260 723 87 26 916 870 525 147 381 1 29 319 805 691 747 184 631 396 46 36 602 156 200 494 559 257 181 947 676 550 21 975 119 428 315 991 132 115 745 249 352 637 1000 104 404 212 440 362 572 329 714 511 852 188
509 572 745 291 998 325 957 49 287 427 370 948 160 218 991 133 520 534 453 821 95 155 146 811 983 469 884 681 730 116 117 944 229 837 958 848 449 177 444 848 986 962 640 740 46 56 535 984 897 321 954 49 584 616 77 636 703 892 722 855 704 454 771 664 144 885 720 45 434 779 185 20 689 762 356 628 274 446 237 636 42 228 198 364 275 281 787 967 630 905 246 156 780 232 921 33 610 675 883 557
291 36 426 864 442 435 11 383 653 10 694 111 78 709 870 78 755 114 452 195 49 789 867 559 407 413 310 557 639 945 881 695 127 970 214 356 554 451 715 149 440 663 872 990 144 945 438 439 499 560 55 785 818 302 17 928 234 873 576 35 393 506 519 578 7 715 451 633 58 142 986 99 959 213 698 249 212 530 163 408 6 721 104 4 146 840 811 971 868 794 339 412 856 159 718 975 217 797 264 685
647 92 499 734 890 518 161 731 296 990 327 949 637 278 736 567 110 388 555 679 938 670 976 135 960 183 784 818 21 694 390 963 42 279 306 99 591 630 726 607 487 272 484 416 598 116 393 961 983 9 618 474 693 571 640 259 360 934 987 849 64 778 600 333 612 833 804 407 802 385 276 316 242 485 45 537 433 612 396 322 411 806 515 978 715 634 209 150 310 386 713 992 878 743 550 393 371 974 895 765
753 324 586 594 244 54 833 440 100 383 198 125 120 738 897 5 593 119 735 722 306 138 31 829 90 731 937 921 231 678 29 784 519 388 173 915 819 377 965 905 913 191 358 80 244 723 425 508 533 749 810 880 566 357 71 610 790 467 67 82 192 759 242 491 273 357 413 692 933 200 984 886 906 283 724 421 582 548 154 658 339 327 864 857 912 674 215 483 18 168 421 286 517 124 716 430 153 343 149 131
66 553 599 971 53 661 1000 671 390 638 766 171 885 654 101 317 298 316 276 352 18 561 221 290 255 507 299 285 531 487 402 20 446 991 186 102 685 129 185 88 990 418 820 357 831 160 480 818 592 277 182 773 303 145 668 236 489 559 363 581 965 653 850 635 879 333 978 169 524 281 325 897 669 77 29 847 33 232 837 795 263 968 145 838 625 393 713 367 554 552 89 795 666 49 970 341 246 567 210 139
361 141 189 746 546 512 300 985 714 171 232 979 60 52 764 354 897 500 318 860 507 454 619 908 177 89 102 733 832 97 617 224 304 650 977 16 870 783 810 882 125 35 103 491 900 91 23 827 750 850 287 128 636 319 754 905 758 676 300 293 813 825 85 496 65 460 215 345 266 907 469 928 313 541 251 958 327 102 932 523 161 53 269 268 119 890 673 269 839 521 817 27 585 408 906 493 55 159 829 184
436 422 850 953 488 102 625 828 405 544 702 708 125 297 796 773 476 728 577 235 803 132 570 802 101 494 616 647 395 800 517 311 135 493 477 440 947 430 625 743 410 645 332 100 643 451 566 23 752 240 158 727 179 842 897 259 527 115 194 270 226 103 418 721 710 599 602 674 374 591 444 626 171 586 98 616 462 462 95 13 518 740 937 633 583 783 88 158 881 600 302 50 11 292 630 420 264 345 184 898
143 561 663 684 455 289 884 317 452 219 850 118 393 316 81 259 931 612 401 757 494 746 456 824 428 143 136 706 643 499 276 124 931 31 872 714 722 93 981 989 197 599 762 997 292 692 815 201 170 523 313 246 87 682 788 761 73 282 599 533 906 402 414 76 399 541 965 165 415 814 980 542 949 256 354 561 627 980 820 366 473 927 307 339 537 477 395 446 791 741 931 476 855 206 807 332 773 784 467 45
76 611 721 999 143 9 379 897 831 2 150 390 130 235 304 549 577 941 429 60 941 234 536 500 992 208 21 448 383 147 913 600 574 541 194 618 633 695 820 947 496 731 278 265 69 408 0 420 835 728 932 715 840 466 312 569 199 236 251 602 484 817 393 921 896 350 301 662 772 689 351 575 706 742 655 671 103 871 663 392 331 723 104 297 469 895 462 208 102 672 347 662 295 826 914 424 902 370 609 926
738 76 605 483 884 605 620 63 436 998 779 480 580 283 82 600 154 209 105 42 55 122 291 70 940 911 349 358 828 781 877 69 136 879 623 418 509 365 532 561 297 726 10 95 91 36 636 756 443 281 214 139 425 895 935 638 753 311 577 914 263 356 327 147 818 987 919 7 442 165 919 897 759 258 402 205 371 491 288 509 875 838 900 56 963 443 283 490 791 528 82 944 574 215 143 970 465 602 369 225
311 475 555 529 282 190 695 561 504 28 275 512 395 842 262 101 787 199 406 101 581 226 242 701 299 763 138 366 109 607 766 658 667 389 514 654 418 9 86 513 623 591 145 585 801 650 838 855 925 657 520 93 309 764 838 955 391 875 148 906 762 548 719 800 786 75 633 470 443 8 388 505 192 124 499 737 532 368 373 26 493 564 119 542 618 211 363 782 665 113 932 109 908 486 980 76 879 651 105 682
711 862 408 880 831 227 143 517 588 531 441 405 684 521 501 736 223 44 669 555 116 547 156 689 292 713 873 380 545 183 178 314 597 525 557 698 24 410 613 929 395 433 495 901 100 182 500 434 165 298 928 155 321 895 953 940 971 42 510 736 690 278 133 771 752 611 18 406 447 327 739 925 347 989 501 377 797 67 938 268 757 435 229 28 560 691 822 186 295 732 571 994 732 707 560 884 673 550 502 606
810 60 708 164 200 507 574 616 175 82 509 129 983 867 859 443 466 141 517 307 245 918 9 931 832 848 222 790 292 1 759 482 121 518 224 262 45 903 311 578 773 487 792 454 355 44 680 98 264 952 855 421 250 424 492 123 307 849 564 182 457 887 418 474 219 908 354 587 794 492 360 119 974 496 470 287 204 475 228 391 405 892 965 508 833 326 622 992 7 44 187 940 698 146 78 29 284 788 999 620
236 231 453 941 121 878 671 0 443 838 658 476 581 713 522 605 89 470 384 540 766 395 418 939 417 945 355 759 379 606 923 517 247 2 484 111 356 904 535 537 222 248 180 366 614 625 869 63 178 268 875 647 807 797 932 969 186 399 36 241 84 337 358 663 730 613 976 944 76 896 482 3 483 862 854 471 934 991 706 780 24 368 100 21 477 947 749 871 807 532 514 228 278 82 34 968 527 597 396 339
194 924 294 446 317 913 378 391 176 687 361 614 661 749 900 573 497 707 534 734 292 577 830 735 368 518 956 606 972 231 407 132 910 680 473 552 338 18 971 748 398 287 474 827 39 491 182 364 566 707 349 907 495 202 130 198 628 33 574 145 967 777 324 633 151 705 399 787 885 996 873 452 274 726 627 741 129 936 770 258 671 212 571 515 291 6 545 437 394 560 980 544 211 809 145 579 709 767 247 265
204 162 407 232 909 38 469 622 541 502 719 377 754 387 538 998 696 671 689 699 559 366 898 146 800 801 603 594 46 786 80 543 420 572 5 138 320 449 367 969 970 747 207 565 218 846 361 468 626 729 189 922 196 403 110 561 508 805 678 496 294 103 543 645 479 159 306 891 904 5 832 760 269 444 953 744 863 302 731 656 424 954 85 310 779 512 711 116 784 785 788 559 549 331 168 689 588 587 301 275
938 525 76 749 358 711 738 751 590 133 44 348 637 672 375 642 562 265 236 941 297 475 128 454 878 784 176 693 117 112 652 386 615 474 235 312 951 298 844 764 808 628 650 860 240 384 974 248 287 755 655 80 71 748 798 692 361 843 810 893 967 154 194 288 385 279 348 16 151 99 687 137 383 306 583 868 616 876 81 195 824 507 879 803 156 516 381 722 176 524 579 636 517 457 935 504 720 216 347 908
259 135 872 429 350 957 523 985 203 292 987 658 180 755 850 224 806 909 463 635 9 727 182 743 992 860 893 123 226 192 496 470 406 887 304 322 580 137 698 544 751 932 878 74 841 863 511 240 53 631 956 66 107 719 12 724 474 353 940 992 701 894 142 720 514 293 671 663 889 822 102 119 323 943 198 930 102 334 105 491 252 73 483 878 526 957 461 105 302 445 466 824 51 156 845 411 840 597 960 420
480 249 1000 198 44 770 14 254 679 648 463 43 438 867 234 609 322 163 112 719 310 307 123 151 647 676 78 783 942 536 708 899 473 996 854 334 841 659 896 302 969 15 288 25 652 908 483 638 233 715 450 375 733 802 516 384 411 608 224 235 965 65 144 648 669 152 170 274 841 767 323 490 993 114 36 47 527 913 945 92 570 49 944 227 689 667 481 981 397 362 38 865 553 599 177 940 828 366 130 979
183 401 466 465 320 92 919 365 806 10 689 402 55 315 353 888 491 287 829 692 27 822 725 80 989 182 164 925 915 901 321 862 641 825 690 313 187 224 612 357 954 420 583 913 27 644 712 381 603 852 181 661 990 509 686 533 972 97 195 37 149 45 681 852 946 95 330 412 301 938 704 304 83 464 373 374 711 197 391 117 178 520 244 682 429 791 544 450 720 571 653 727 164 368 77 805 253 889 392 123
241 115 645 80 510 124 126 541 705 550 560 997 365 310 269 981 692 414 2 977 630 183 359 217 422 721 805 373 89 777 277 145 295 209 12 145 597 763 629 920 162 67 929 593 542 890 722 389 116 528 59 934 385 876 391 140 248 872 121 785 887 415 785 279 684 466 388 715 911 595 363 185 274 214 556 157 792 849 441 107 952 827 683 111 971 623 351 518 407 944 625 854 802 231 292 428 257 899 548 246
568 821 674 801 463 958 597 215 952 426 549 711 150 802 228 351 369 822 601 332 969 609 14 870 564 421 386 102 317 410 591 668 498 813 29 644 904 49 905 134 971 748 255 375 879 553 902 374 294 632 235 370 957 915 805 793 170 575 219 411 724 529 739 560 763 534 290 69 1 789 309 322 146 302 621 726 571 478 168 23 581 893 396 480 115 756 360 418 796 426 90 597 156 233 763 878 872 406 472 786
587 136 192 957 382 741 460 569 321 289 992 371 284 639 30 814 280 937 627 733 358 172 329 446 564 884 827 449 163 356 147 542 873 247 493 568 638 458 521 793 450 60 607 529 260 867 447 86 979 96 907 390 918 173 832 84 691 998 334 788 139 763 537 887 56 328 438 909 846 814 565 585 149 473 705 16 817 609 258 131 812 353 266 857 612 147 858 620 148 958 361 135 287 650 377 791 684 723 308 167
659 587 45 137 81 52 191 528 216 216 498 862 556 129 692 497 142 445 538 509 896 187 810 255 587 244 626 708 988 786 545 823 543 716 396 920 941 239 356 639 529 7 737 9 996 484 192 445 185 989 171 895 425 752 155 618 635 103 15 213 68 392 932 172 771 466 390 426 805 774 224 355 779 602 633 412 932 891 134 370 291 728 94 381 204 828 506 825 228 597 328 185 38 566 426 165 678 988 361 247
301 262 248 577 516 776 380 173 929 185 751 949 810 338 470 562 134 343 80 746 261 720 291 921 499 315 231 83 695 873 403 371 177 24 484 5 718 955 47 331 984 894 738 461 415 825 87 97 547 521 150 141 494 695 592 522 711 399 701 657 0 24 727 210 134 583 73 402 117 597 289 569 518 171 588 67 203 310 926 15 667 715 733 805 488 874 223 722 699 394 724 952 586 657 212 928 462 589 507 541
42 473 39 910 987 987 724 481 143 38 703 142 918 235 124 624 298 106 963 181 960 438 532 48 165 122 739 843 591 431 273 280 152 520 569 245 807 790 990 253 512 148 448 795 193 546 265 919 61 356 449 827 605 795 846 932 298 353 694 204 824 411 692 126 372 589 217 829 112 255 90 979 766 778 952 175 144 726 874 135 473 120 212 75 490 637 95 295 265 703 208 224 522 280 534 790 96 365 771 777
430 210 984 672 748 833 901 595 979 108 96 236 972 396 90 435 577 650 665 863 651 22 863 129 252 671 953 903 885 7 20 513 328 916 519 330 418 701 276 667 500 348 214 879 35 665 622 59 762 970 425 605 443 703 486 343 207 758 48 460 224 195 38 516 14 733 404 353 483 184 411 126 615 758 112 479 602 968 125 347 970 233 669 624 777 758 629 152 543 372 533 868 997 238 825 829 368 125 496 276
224 170 709 638 818 135 43 713 310 48 199 844 380 360 608 976 962 489 248 16 859 947 645 103 792 647 533 411 948 193 624 45 302 873 924 492 993 968 660 542 97 740 179 655 405 4 274 379 458 910 850 287 105 635 155 670 45 881 0 483 240 89 147 992 44 814 291 695 102 234 611 864 628 830 329 236 42 563 659 896 810 356 963 949 369 169 964 418 652 804 211 957 61 793 259 644 788 745 232 581
271 491 227 483 759 173 712 271 157 648 101 746 864 894 202 203 440 3 269 445 785 595 14 406 213 35 997 73 212 479 480 31 995 593 72 939 890 110 114 825 210 502 1000 262 624 466 48 222 1000 65 660 563 486 990 980 579 607 232 389 254 199 90 237 188 931 120 660 159 663 538 882 757 391 294 283 746 293 216 706 366 877 653 638 897 863 128 959 474 226 698 476 664 256 954 586 888 251 673 692 362
188 94 994 792 218 241 473 771 253 573 483 511 71 771 225 531 181 872 947 178 867 925 441 112 24 887 48 945 88 372 703 615 182 411 215 698 678 274 753 445 570 361 714 940 926 875 952 416 566 56 55 393 640 520 846 522 588 684 641 559 5 594 313 151 27 777 134 561 900 883 471 151 412 715 622 754 314 239 485 926 325 958 238 561 459 624 741 402 926 310 676 673 766 858 659 167 12 627 742 358
931 966 371 415 689 17 88 732 101 764 760 828 589 141 115 448 490 361 876 880 226 222 523 534 532 683 552 829 824 426 54 458 596 97 362 410 789 720 975 287 702 822 933 167 227 870 238 262 616 714 59 675 327 194 686 926 82 797 78 943 236 384 210 462 583 542 122 38 288 454 17 526 215 998 551 501 70 741 962 112 512 684 181 31 550 712 156 87 427 38 475 177 4 304 462 16 984 995 906 122
396 158 592 992 869 417 343 388 686 34 61 998 356 370 305 193 337 538 958 269 989 17 748 718 814 917 301 685 252 780 131 349 888 237 600 324 331 32 954 318 625 16 971 568 325 136 220 899 280 610 743 773 556 793 737 379 562 793 55 239 712 944 780 643 705 61 118 473 801 156 562 977 997 789 10 367 828 363 928 82 722 702 444 280 296 825 63 283 658 104 267 20 914 278 233 251 243 875 710 849
233 102 40 981 276 432 129 222 317 16 249 656 688 131 510 527 533 136 593 204 210 86 668 472 410 840 172 404 719 666 823 118 95 951 710 98 975 615 279 516 179 880 351 770 569 373 391 219 153 879 838 245 245 153 131 379 462 986 448 418 716 637 634 655 535 772 887 443 798 556 986 898 805 959 494 282 942 781 898 932 222 898 214 599 967 917 988 905 73 304 197 728 95 278 785 794 156 22 555 129
195 73 225 403 44 179 129 391 249 125 825 76 157 29 865 859 725 802 255 199 582 738 211 957 774 667 155 963 863 743 37 553 591 433 642 133 796 127 470 877 413 753 487 212 76 790 764 389 882 902 421 304 715 17 881 569 681 496 666 31 455 345 551 374 294 596 409 197 30 397 204 798 388 492 434 555 886 149 907 39 96 997 763 465 135 571 289 588 133 349 138 828 458 242 296 795 604 410 383 757
763 966 274 491 50 788 917 153 10 539 974 266 336 653 615 573 233 12 584 321 629 776 934 686 930 363 648 476 414 910 84 91 439 238 222 579 990 583 250 414 611 312 742 521 179 382 260 39 587 512 596 248 182 472 819 895 435 322 901 246 994 991 216 356 898 650 608 890 910 184 901 164 671 273 698 140 204 616 920 518 975 991 391 739 659 262 277 712 711 188 540 527 42 251 729 848 651 793 753 948
740 610 319 868 299 154 665 216 431 363 206 680 503 112 978 822 675 535 721 154 270 719 910 157 325 95 769 629 824 894 49 201 309 589 544 735 381 259 130 799 755 690 779 324 56 252 533 159 85 190 712 762 288 619 743 168 758 593 322 984 260 415 858 586 127 61 837 375 779 179 106 702 750 424 344 329 417 514 316 21 407 98 257 672 879 193 338 779 148 628 240 11 311 744 581 693 640 513 54 549
613 261 744 698 177 502 882 936 864 992 54 897 102 722 989 420 450 548 914 699 430 22 448 671 154 480 199 950 844 546 637 492 225 148 842 309 226 184 354 997 66 584 637 566 850 675 149 465 572 600 403 922 684 112 514 509 572 85 332 150 957 863 312 863 121 245 197 848 536 116 655 543 461 579 477 743 415 932 4 230 681 417 908 433 186 969 421 571 779 915 321 753 653 435 548 446 744 355 126 485
490 704 318 671 44 239 0 879 453 199 865 452 825 435 643 791 710 693 604 661 687 431 715 763 42 274 952 828 932 458 488 979 687 12 716 622 797 37 309 257 310 97 211 378 460 922 990 567 162 811 386 897 417 458 274 255 976 861 156 220 482 716 564 684 751 113 314 816 3 211 75 504 803 131 644 701 959 645 566 558 356 192 589 909 537 923 12 180 103 617 652 710 690 822 888 242 966 773 570 413
822 167 219 509 229 799 680 135 503 130 65 715 251 62 213 879 37 290 492 399 27 868 298 744 119 678 283 825 962 788 752 988 465 138 853 432 22 807 941 699 360 412 164 411 428 819 528 69 224 111 807 641 839 6 62 715 25 868 234 790 539 606 600 855 834 364 610 512 558 250 728 768 929 860 600 525 596 964 204 969 665 504 65 368 389 759 168 661 191 43 804 34 918 618 332 542 343 384 900 995
970 480 620 55 940 672 193 628 413 63 711 416 914 452 829 856 300 524 750 376 991 460 722 555 616 875 879 861 274 24 892 600 690 237 936 496 902 64 400 802 664 609 268 996 675 171 822 871 574 479 890 193 906 220 350 753 434 934 464 622 12 848 408 247 421 1000 75 953 395 954 699 743 358 761 168 699 893 501 948 326 261 968 901 283 296 435 374 320 534 841 845 7 38 276 748 640 550 608 268 451
586 984 675 638 72 597 183 107 294 584 392 447 747 374 863 836 220 489 761 160 52 161 137 678 356 451 266 683 979 855 622 403 616 511 492 642 775 427 687 925 550 245 656 616 942 681 84 530 194 462 507 964 551 911 755 838 188 211 420 885 241 408 616 462 791 415 601 921 92 409 126 574 151 351 426 3 673 680 494 894 672 859 415 87 387 83 798 121 761 591 35 376 455 400 100 556 803 195 797 609
257 147 217 183 244 489 828 708 966 347 428 59 749 479 716 573 797 698 929 761 266 921 70 997 148 563 28 911 190 818 926 532 544 745 0 673 555 4 979 490 507 425 573 991 385 118 96 668 413 224 24 869 608 342 610 906 152 524 877 586 902 151 563 466 949 663 574 302 844 695 591 562 670 244 737 93 348 652 671 160 654 485 881 582 913 769 950 243 69 584 278 362 158 742 989 915 122 510 829 686
118 512 673 330 663 952 680 136 220 451 596 681 581 585 921 367 959 134 715 659 218 368 559 140 247 955 983 30 284 413 472 349 794 620 289 43 773 66 558 363 141 356 151 627 910 999 546 102 459 785 536 565 341 859 512 177 694 782 206 944 204 565 275 961 407 426 322 237 844 259 927 774 750 56 663 716 54 491 371 72 235 349 892 905 716 727 930 644 628 971 799 897 848 124 355 712 369 572 107 598
707 231 37 440 379 603 735 653 906 145 30 129 864 79 300 695 290 919 600 953 283 364 872 949 681 103 388 701 315 311 944 871 806 887 832 172 865 504 731 420 900 56 509 203 907 252 574 351 460 324 695 338 601 878 418 720 746 162 679 145 656 763 153 242 108 267 54 503 542 17 524 234 357 671 701 683 17 533 437 864 804 233 960 221 724 290 864 593 321 394 854 653 219 942 454 790 674 241 83 392
165 131 400 902 909 508 633 354 524 801 785 373 642 143 421 184 51 711 790 214 718 328 518 939 987 786 887 733 591 812 910 253 306 435 337 444 542 899 683 944 868 66 325 712 187 505 727 498 922 855 721 470 890 623 318 159 369 446 900 129 229 335 795 627 835 983 156 761 681 594 844 319 722 965 307 734 122 990 613 688 678 110 758 506 336 738 791 109 153 331 614 159 999 490 453 871 479 435 753 332
912 380 253 138 649 596 661 732 305 239 856 462 730 814 434 576 743 558 888 11 128 407 485 60 811 308 768 701 84 98 318 105 926 526 802 1 452 258 694 957 474 817 350 175 794 372 194 958 479 659 92 928 524 27 110 333 848 578 985 804 136 963 216 509 155 231 947 421 527 457 723 469 226 914 495 992 335 648 229 869 470 11 453 437 162 555 953 832 414 671 477 980 61 286 849 255 575 543 230 97
338 984 670 89 607 597 405 824 408 778 723 724 364 478 26 881 554 696 715 123 530 595 740 475 436 773 497 938 742 579 546 737 115 350 496 45 421 984 810 564 277 771 362 265 163 487 686 953 902 88 570 164 648 664 179 32 223 167 18 421 235 124 875 225 865 926 715 443 382 694 134 257 577 660 841 824 422 348 655 833 125 201 958 798 123 104 618 485 614 296 712 821 589 109 65 176 640 104 435 777
95 825 607 586 985 482 992 47 653 266 176 768 477 57 18 0 956 829 474 374 371 762 44 905 152 621 171 114 683 761 91 255 796 762 694 232 357 39 711 967 891 281 879 443 353 865 190 20 418 304 114 502 20 167 286 278 700 208 309 726 691 186 372 715 415 462 215 86 999 954 138 464 725 750 153 717 645 533 79 62 80 442 950 276 268 506 421 414 649 564 882 764 244 718 150 877 373 734 937 343
161 700 727 719 539 764 959 28 55 254 929 957 929 580 826 965 520 60 177 358 331 995 278 175 744 88 802 140 65 777 860 252 659 555 581 222 391 247 909 262 430 917 93 777 505 189 196 889 354 386 867 492 998 610 186 273 706 630 823 767 10 297 345 658 387 344 814 803 765 435 45 878 535 88 370 643 616 819 529 973 235 781 971 785 598 319 63 243 114 941 664 524 657 242 553 350 0 942 531 546
840 351 599 862 87 577 18 852 320 763 558 438 343 104 775 670 339 890 507 906 411 432 341 382 382 165 7 15 985 976 51 208 223 837 453 483 54 575 227 964 692 933 931 660 241 68 945 944 437 361 502 217 55 154 981 595 643 439 430 102 329 343 160 798 844 74 621 437 761 216 117 43 745 241 73 102 42 554 185 514 974 984 4 117 713 751 381 789 996 550 904 184 489 887 490 115 366 333 683 992
777 186 500 133 223 555 285 500 240 505 332 854 846 110 765 468 942 257 3 585 870 36 843 672 927 475 324 13 226 387 650 219 342 66 694 837 863 398 940 829 779 15 872 618 327 778 778 870 628 523 776 862 531 576 360 554 533 668 994 2 697 371 366 178 92 718 73 156 778 903 520 651 879 239 277 575 245 131 707 289 936 865 74 819 881 722 830 540 618 846 61 687 508 273 582 194 106 581 408 403
445 171 268 699 239 420 334 494 190 536 247 318 179 95 66 729 353 775 28 412 673 935 152 809 684 752 886 384 789 293 618 348 829 18 196 897 42 120 230 584 143 543 716 818 736 966 2 728 961 470 91 547 392 784 26 796 358 947 885 87 816 913 273 716 1000 466 418 986 731 828 359 511 952 893 848 17 482 49 427 377 321 860 588 322 152 489 205 957 595 456 455 754 74 190 716 798 604 307 168 627
948 380 564 464 223 13 67 734 665 538 410 391 673 154 917 479 532 886 988 607 95 946 72 551 69 991 200 40 249 995 545 689 872 137 73 72 786 554 598 230 93 770 361 554 560 5 123 740 659 173 855 662 542 450 215 117 925 474 903 201 297 696 293 800 741 507 374 395 554 599 175 198 817 558 499 711 795 659 626 69 673 628 197 160 186 505 937 853 900 37 967 178 927 634 9 612 665 808 411 725
76 328 557 287 445 8 873 890 608 385 398 852 69 232 570 791 227 606 905 901 416 482 670 963 470 119 257 682 748 424 476 358 782 242 66 247 405 301 13 615 612 571 444 852 816 851 655 710 500 465 439 663 192 283 402 543 544 372 517 476 662 834 209 661 361 552 254 0 978 637 688 497 399 86 511 778 435 950 320 699 839 513 702 944 172 914 287 909 125 623 255 638 514 817 764 321 477 109 202 285
502 735 78 837 509 206 959 464 410 982 873 82 497 891 986 670 209 243 312 550 495 526 106 173 940 540 178 502 782 529 790 41 517 681 829 56 752 732 447 689 433 76 411 972 105 985 825 275 201 466 303 444 985 626 129 41 393 21 442 387 794 138 214 841 436 858 768 397 659 65 994 420 233 925 880 93 364 591 496 687 657 40 675 420 456 787 639 886 555 453 783 624 684 17 191 450 460 145 935 192
849 675 124 609 748 183 181 560 276 537 454 211 507 61 99 791 151 205 127 542 983 314 718 208 985 419 300 235 339 756 463 984 345 412 640 487 506 10 816 491 572 27 941 429 791 18 656 30 356 609 182 838 199 914 38 801 771 855 159 633 693 923 555 93 710 442 271 388 331 407 775 868 463 924 286 835 1 936 488 676 617 207 810 913 474 490 593 128 192 222 932 940 691 607 763 923 984 845 99 201
743 458 984 607 647 722 555 50 539 558 671 182 560 256 169 352 801 784 867 55 428 945 903 231 630 101 685 755 909 278 293 325 173 187 892 431 117 289 671 401 448 536 396 77 98 62 646 166 825 897 116 104 162 437 273 468 227 154 247 857 183 931 224 860 796 552 771 114 730 114 536 390 995 111 924 190 243 208 717 364 697 967 269 221 287 163 899 277 879 581 905 305 831 948 803 489 59 540 174 254
936 567 424 753 841 88 549 210 282 563 596 971 998 942 923 21 141 229 818 953 136 725 798 565 676 821 478 735 368 840 794 612 409 406 680 451 110 894 169 759 427 409 329 224 2 852 410 176 834 964 188 215 12 78 398 895 905 48 361 465 590 889 731 898 345 116 323 342 328 999 136 450 738 731 444 266 578 295 435 509 459 695 397 644 57 810 97 400 870 170 786 347 278 833 197 705 784 442 864 202
747 113 630 68 979 721 628 393 0 833 716 313 920 201 766 116 465 980 613 577 965 41 424 764 894 638 710 700 147 748 666 459 731 456 538 877 424 330 954 13 59 431 620 217 11 885 603 798 425 526 397 504 208 946 699 910 779 302 886 349 371 403 852 949 986 72 928 928 600 953 119 949 42 420 86 530 37 586 368 798 494 225 58 396 14 358 481 890 656 67 522 794 772 516 596 87 483 784 287 636
680 854 150 770 568 299 339 151 703 983 635 460 998 408 810 16 417 710 414 937 566 683 418 201 19 653 551 12 644 889 683 413 158 652 438 889 235 35 786 686 349 26 627 927 319 74 457 800 601 685 290 688 153 375 982 347 989 144 430 263 775 953 572 950 744 672 414 544 227 85 83 250 897 196 91 554 695 230 357 719 289 175 639 500 262 631 136 423 971 731 97 676 246 515 95 830 759 118 228 319
177 945 351 558 206 624 975 834 640 552 120 371 432 814 280 986 361 103 677 87 322 644 816 707 408 757 465 444 383 617 81 138 894 189 375 998 163 766 700 579 150 993 901 492 191 943 701 961 206 500 977 635 427 321 323 78 974 343 203 566 459 963 553 415 342 229 664 26 430 666 907 986 396 879 919 922 763 852 722 757 886 104 437 273 380 316 728 584 406 605 502 432 850 101 418 177 490 471 318 749
467 25 384 291 978 877 403 640 78 878 609 718 682 386 891 130 214 472 483 142 46 87 88 130 923 213 676 75 604 135 773 735 381 235 367 939 639 382 89 375 376 359 956 191 501 525 968 419 383 335 140 974 934 751 456 135 540 218 523 110 375 689 960 803 0 151 489 923 347 811 571 178 593 376 739 323 329 132 54 498 521 48 255 228 979 225 82 130 411 530 677 772 843 878 936 537 752 597 722 353
176 859 11 110 721 723 472 968 885 87 704 445 64 780 545 447 611 262 555 880 692 314 952 209 418 917 463 388 511 304 247 239 887 387 228 555 856 574 560 504 845 769 353 143 822 736 706 668 823 608 734 611 842 144 589 698 284 651 822 317 607 848 380 14 380 147 676 197 320 465 739 285 146 794 988 394 197 112 210 251 953 555 547 637 387 220 14 644 307 909 292 820 101 892 738 795 437 485 265 161
697 306 744 797 566 162 413 154 520 530 799 340 172 67 791 114 331 657 624 526 447 624 7 163 595 341 117 509 267 330 200 120 967 819 747 743 28 116 971 970 227 207 251 734 926 913 938 954 265 223 545 592 858 494 62 703 580 618 907 849 194 216 154 566 743 242 580 715 299 488 828 136 792 970 628 837 474 279 718 555 330 95 638 343 808 741 381 120 164 568 420 136 392 446 639 278 994 33 442 580
122 899 36 719 254 476 576 213 778 139 210 479 55 33 240 841 941 380 704 381 818 8 985 160 727 821 587 80 324 530 42 168 169 332 556 537 837 180 678 928 998 175 866 256 340 998 527 733 423 426 782 47 153 790 443 519 113 942 212 584 396 783 773 153 833 129 576 94 868 371 194 498 848 260 987 86 334 540 424 348 87 151 536 767 409 253 472 563 258 741 542 963 940 622 318 418 396 894 360 600
555 897 202 178 781 40 916 915 770 446 121 373 201 529 990 129 427 45 199 645 193 165 116 541 933 319 466 365 124 19 902 568 371 397 937 347 579 228 328 311 101 367 170 479 577 42 45 550 229 237 137 693 713 491 89 861 862 508 696 807 948 432 526 786 253 131 364 944 856 384 250 604 293 772 143 522 917 11 442 631 619 692 687 990 527 35 877 460 421 183 133 762 228 605 125 751 846 99 214 825
52 643 808 873 786 515 891 459 143 516 350 469 654 999 531 848 114 706 819 475 66 443 116 898 219 303 216 485 811 71 40 312 451 741 946 308 193 674 648 706 233 87 226 683 912 399 346 347 457 94 686 163 557 175 761 405 257 794 226 79 733 528 69 430 661 356 218 556 358 589 210 961 8 564 670 564 770 468 94 518 936 312 765 55 496 756 674 983 951 908 579 390 289 892 572 616 494 61 635 659
849 646 281 733 105 211 312 530 435 793 886 521 769 879 900 432 651 98 900 42 129 715 314 736 320 50 334 23 975 340 602 741 672 769 780 721 538 414 518 88 995 917 98 309 655 306 423 881 187 182 351 323 548 2 582 805 449 480 439 962 696 276 745 947 125 641 166 382 793 17 468 632 894 995 863 520 330 634 243 201 100 442 180 866 10 440 60 1 633 128 957 639 187 356 702 534 761 270 667 306
604 132 206 570 446 919 895 573 600 776 64 502 839 346 984 919 623 172 451 911 912 975 582 149 715 687 814 298 713 692 95 489 397 687 776 950 509 515 252 912 441 847 196 84 513 745 843 829 200 791 806 964 815 372 808 951 736 440 445 344 199 455 414 346 731 85 690 593 815 0 316 530 881 159 112 785 864 865 100 868 830 728 103 965 538 345 842 441 235 951 355 825 916 15 566 308 346 309 276 379
329 291 262 309 746 959 262 851 180 935 696 979 816 309 111 102 636 467 411 473 532 367 150 755 18 664 1 904 912 841 863 100 217 221 874 676 827 740 887 433 469 799 369 449 184 238 798 383 944 69 10 854 790 906 509 938 423 728 876 793 547 172 759 120 843 353 838 919 100 448 197 743 681 814 502 662 145 121 401 751 548 716 161 343 166 799 941 635 99 765 704 91 924 957 394 72 896 660 112 960
849 561 540 575 438 82 556 394 670 827 162 858 560 95 595 761 842 323 495 747 443 846 322 624 719 919 981 442 836 78 244 105 841 609 748 714 767 545 636 51 110 162 448 478 815 937 806 694 256 30 284 612 460 475 792 242 602 964 369 465 230 14 28 483 500 181 610 811 74 176 912 537 166 681 453 925 14 256 233 121 190 203 123 582 781 149 152 551 687 620 675 644 844 478 23 892 693 780 751 957
413 180 551 534 571 302 486 490 852 122 603 342 983 476 565 590 613 184 555 370 390 981 181 292 390 327 392 95 583 44 643 325 876 890 213 805 921 144 723 828 261 773 725 442 965 820 695 397 909 312 111 522 583 822 139 245 399 218 409 335 206 431 186 544 930 347 190 559 338 895 497 405 516 440 824 413 636 825 84 945 622 797 527 906 934 192 111 435 0 956 541 218 650 375 214 134 563 385 429 589
192 846 591 799 888 752 517 640 808 707 569 139 912 279 351 287 597 47 165 801 335 982 722 247 208 541 85 156 934 475 151 329 190 514 335 736 10 249 239 93 778 841 445 137 631 467 579 241 913 969 907 418 400 528 483 62 244 402 457 413 765 44 642 871 809 441 590 828 31 764 52 323 150 915 312 743 97 48 656 664 14 888 226 987 470 630 428 297 392 195 896 452 538 843 636 818 318 580 652 330
828 420 406 455 505 834 82 62 227 206 593 665 392 54 955 515 331 476 502 137 91 609 528 538 843 536 649 770 838 166 292 300 596 24 879 718 377 132 415 618 113 546 317 482 114 810 868 173 219 916 81 216 901 965 163 240 277 235 796 93 308 15 468 635 734 781 468 848 861 810 736 599 913 989 718 27 891 885 760 196 262 92 369 970 247 615 315 263 148 341 940 222 675 756 249 674 21 741 586 519
249 260 996 564 564 867 552 885 105 518 318 549 254 729 195 171 808 997 274 794 224 660 260 710 324 298 855 707 831 424 567 520 847 240 108 794 51 860 856 465 719 173 780 972 228 525 1000 837 68 368 333 161 306 465 388 731 719 477 414 900 25 172 906 797 231 456 532 931 976 78 158 923 484 47 501 390 807 219 570 606 228 893 956 26 530 998 832 314 852 2 437 24 726 209 653 198 374 160 644 325
809 437 362 240 974 800 428 498 510 971 915 316 490 871 172 509 452 735 3 652 591 742 308 265 697 799 585 25 375 942 43 125 296 195 963 235 187 90 452 469 753 616 800 651 314 783 133 178 348 19 4 720 10 207 129 287 574 378 4 526 700 822 52 477 321 905 71 448 394 216 206 180 930 615 145 313 418 934 963 317 673 127 640 8 343 558 165 449 306 699 162 373 585 999 332 281 526 110 801 38
299 206 722 454 521 587 551 736 439 184 57 765 324 135 645 82 733 924 940 198 76 49 219 922 332 182 91 835 822 482 353 62 332 473 688 720 9 709 64 347 224 522 601 202 888 106 66 522 45 50 394 895 723 188 481 670 759 282 559 470 351 592 389 884 523 8 398 836 936 448 611 259 379 584 403 903 202 67 28 982 869 251 492 721 75 933 946 174 57 648 487 530 668 318 561 606 591 702 439 330
657 338 597 914 237 17 207 13 683 188 520 827 247 467 261 721 592 607 756 700 47 744 200 678 948 527 163 166 236 385 875 942 73 486 679 660 429 655 113 144 686 271 884 217 217 231 456 798 213 473 892 346 425 637 168 552 819 843 75 1000 357 736 795 59 180 929 352 969 179 966 778 333 706 62 464 379 466 791 57 755 584 549 899 449 702 557 26 220 866 821 993 475 137 341 898 597 785 637 285 813
907 214 141 194 415 505 422 511 816 686 162 824 311 718 317 967 558 549 100 792 379 212 763 739 546 861 717 600 247 999 769 266 150 702 488 114 40 46 662 38 664 242 660 352 54 540 937 776 630 878 844 461 276 808 437 501 48 255 937 959 900 134 892 73 83 735 508 693 720 513 491 213 233 116 25 996 973 966 236 632 30 114 155 133 960 208 788 269 295 371 545 939 10 740 709 203 474 73 92 723
105 37 251 693 722 188 810 14 145 868 253 754 156 47 134 110 151 14 986 191 607 58 513 527 268 463 251 144 172 462 446 4 190 374 263 925 718 274 412 679 492 188 975 961 827 877 579 656 34 967 873 294 20 71 720 853 224 166 224 208 441 271 245 990 866 401 228 141 206 799 119 536 49 561 83 596 725 655 421 113 671 765 380 969 691 940 19 57 955 646 401 746 781 107 879 995 271 330 25 299
968 401 12 570 521 837 61 572 880 867 318 601 667 322 292 783 87 356 423 535 887 985 154 348 904 608 542 841 919 477 32 496 924 62 619 686 742 454 483 911 20 254 228 428 41 533 347 738 751 769 276 435 971 256 861 73 104 463 207 874 327 862 141 911 81 389 942 881 318 136 356 476 93 100 245 521 941 575 136 323 148 805 666 346 963 713 380 424 126 803 596 930 165 567 19 839 176 964 442 337
940 450 564 112 341 767 250 200 975 755 421 611 684 706 324 447 758 945 525 248 630 72 361 378 891 853 922 323 628 249 378 502 178 596 591 765 74 927 328 310 364 217 667 108 7 699 417 543 807 886 875 314 700 395 372 82 789 624 128 978 622 981 211 648 687 773 623 615 162 66 216 763 46 200 354 925 243 702 806 800 616 332 386 606 272 945 419 33 140 842 738 648 52 342 40 695 122 188 539 398
9 339 922 504 793 382 285 540 706 285 799 213 169 165 530 995 663 113 332 465 862 438 600 652 352 554 332 570 618 981 477 800 969 114 8 988 191 262 242 722 126 19 510 478 301 551 588 487 549 855 861 709 556 1000 48 768 374 501 59 536 302 592 502 647 635 620 623 374 831 690 986 466 330 319 683 99 78 385 596 975 649 373 130 249 666 490 356 989 234 703 778 281 877 414 235 83 365 7 95 930
451 185 661 395 603 240 494 315 790 413 333 371 630 904 191 583 331 846 68 566 774 812 549 403 334 216 833 642 920 944 634 335 476 293 379 166 627 667 606 699 274 94 911 499 538 537 559 62 562 956 212 592 46 777 405 169 211 401 105 944 865 50 961 275 384 379 787 868 854 898 132 799 893 512 470 882 712 546 298 145 287 880 862 594 770 850 107 519 775 530 980 156 543 379 870 930 617 847 509 968
685 886 907 146 941 89 134 788 99 498 785 146 692 840 282 837 338 168 827 657 57 537 880 954 271 934 276 68 46 274 683 947 560 925 629 498 211 501 275 25 275 709 494 771 80 159 293 765 376 447 927 526 533 601 902 587 860 80 395 678 930 659 53 469 604 750 44 35 408 826 313 172 331 409 448 293 184 704 599 613 107 394 659 147 8 864 104 160 39 316 859 80 903 977 859 780 541 491 434 129
302 746 249 806 763 75 59 592 704 246 422 827 519 600 45 761 30 518 543 63 961 399 401 108 469 920 622 273 603 145 985 212 37 562 898 458 281 430 585 701 884 806 620 369 449 882 117 549 626 69 695 391 942 642 521 248 628 631 858 811 826 212 568 287 769 536 16 486 953 114 330 608 165 640 817 128 89 299 707 548 274 347 334 754 303 931 792 499 303 891 78 392 884 180 329 566 630 943 989 534
252 257 449 800 384 45 664 557 15 550 445 883 195 603 55 182 633 927 385 137 599 85 491 23 855 315 13 176 489 598 853 114 951 913 22 544 931 464 760 547 724 679 23 149 913 831 131 695 173 366 496 949 403 571 840 25 265 725 406 498 398 12 976 141 140 887 919 42 881 969 961 157 619 920 432 271 858 353 287 488 848 296 4 115 114 10 254 67 464 883 735 783 152 801 592 285 935 594 336 240
716 342 165 217 806 492 544 197 319 895 975 844 147 820 851 879 309 519 91 396 84 130 829 968 963 759 4 456 458 983 455 336 448 279 342 869 281 871 953 600 983 794 630 98 73 247 517 95 104 88 83 797 776 15 436 374 823 973 745 160 58 308 58 371 9 786 183 551 124 160 175 152 384 775 912 196 73 522 256 456 203 864 49 387 48 155 203 30 791 166 971 927 112 843 511 377 877 144 940 16
809 482 39 997 80 579 437 675 984 855 601 311 772 214 205 880 314 914 978 251 479 908 687 951 155 736 807 871 368 629 104 962 531 780 330 445 675 168 808 202 531 227 114 551 701 981 506 888 801 859 944 456 499 523 384 478 978 264 453 376 100 567 412 177 315 204 472 103 830 892 846 327 38 697 912 989 72 973 897 849 649 88 371 51 859 636 639 914 793 416 664 163 80 481 223 725 482 315 254 435
567 689 481 48 478 211 939 334 324 725 363 237 731 259 61 604 913 782 338 973 502 216 627 877 946 994 412 387 55 303 656 773 547 799 497 559 621 436 770 532 530 487 171 903 786 275 120 357 685 361 989 438 92 16 462 410 24 212 260 869 131 497 489 875 355 82 144 710 765 382 586 308 210 901 271 679 404 599 511 650 302 845 495 345 908 361 657 281 673 237 126 269 378 95 758 324 544 771 792 741
746 353 548 341 579 315 160 609 935 418 274 549 845 429 333 765 906 231 593 297 731 401 218 953 752 276 79 673 94 924 648 986 203 958 723 331 524 202 943 124 380 655 386 601 993 217 699 800 215 727 879 479 902 153 38 879 844 296 327 399 729 349 626 298 746 416 792 980 480 812 124 157 350 389 571 385 973 537 328 409 5 621 821 700 115 454 585 991 235 643 335 870 793 178 798 351 201 643 678 671
781 796 69 962 732 550 170 373 830 515 120 401 593 63 6 411 491 252 179 692 305 822 992 228 840 196 761 394 301 318 701 81 577 658 297 30 0 376 100 501 819 35 15 711 254 345 553 463 527 775 162 319 593 826 251 804 409 141 198 805 612 399 463 601 763 171 555 783 323 530 759 277 905 537 578 277 410 225 513 113 794 526 181 971 584 86 43 808 0 239 665 498 983 329 687 79 881 167 461 780
608 910 590 355 917 769 54 294 900 349 342 599 502 950 68 168 576 990 879 602 761 364 873 418 466 920 716 744 786 944 857 33 928 106 581 604 372 861 282 786 719 565 39 298 359 84 601 685 748 876 105 777 937 685 839 292 188 492 242 149 572 604 847 384 967 159 547 866 764 960 97 179 869 520 285 974 138 854 603 180 958 332 830 80 155 313 476 175 827 738 586 351 510 411 359 380 844 288 310 512
209 493 105 532 969 833 105 6 52 593 29 861 968 334 408 331 270 930 508 807 893 150 970 683 197 474 95 403 740 473 486 635 861 39 427 599 255 702 220 919 834 567 358 869 465 585 447 193 768 811 834 208 396 960 663 642 505 3 259 31 317 442 36 805 844 492 731 291 748 0 919 794 266 214 576 675 255 136 676 439 368 269 693 846 17 177 802 78 437 452 749 544 518 323 689 72 72 24 560 394
679 82 412 699 851 792 918 801 7 888 83 855 615 550 14 769 939 688 976 429 91 792 607 712 210 416 548 779 781 385 645 734 863 635 887 627 313 447 641 469 868 555 358 639 572 774 344 812 826 655 835 87 134 729 217 530 893 249 935 464 773 251 675 506 386 374 664 150 230 472 395 236 242 2 793 71 31 106 929 631 742 973 455 92 240 406 780 695 732 152 210 192 600 66 568 668 700 172 122 276
485 543 101 976 463 925 403 975 433 590 391 576 36 727 551 95 385 72 184 481 294 246 868 65 242 148 178 342 331 59 324 898 80 926 777 642 341 3 675 942 312 300 22 50 957 246 866 829 240 836 472 167 956 860 749 631 832 89 334 30 620 120 413 333 486 44 28 37 437 28 193 643 874 79 320 227 220 114 551 721 343 228 971 27 825 84 522 3 658 879 216 741 897 701 489 227 426 890 785 494
354 495 367 153 687 285 62 868 75 650 199 317 405 884 474 496 827 251 987 326 244 115 734 425 985 842 393 430 676 641 507 972 580 596 225 652 222 7 355 576 662 946 282 897 28 576 898 709 360 385 298 434 136 324 861 799 70 243 931 603 412 966 969 430 130 660 783 440 502 203 922 176 754 711 301 601 915 65 456 353 313 104 82 647 663 280 270 371 247 356 758 744 35 1 636 634 480 226 804 898
