20
14 572 33 89 108 67 413 41 412 610 879 376 684 668 845 573 31 221 882 495
399 5 337 695 310 377 402 694 624 390 549 781 163 262 591 238 361 130 910 925
662 145 72 460 220 198 264 425 468 594 656 735 718 843 529 237 969 426 481 42
570 746 603 804 107 331 328 131 853 759 225 714 696 46 55 475 640 152 71 410
947 144 916 221 798 450 176 505 998 17 484 313 808 920 545 42 529 870 801 519
569 464 897 12 402 360 81 5 513 778 823 480 542 574 445 919 33 184 491 267
911 677 149 529 661 53 803 733 191 208 500 123 186 972 241 596 824 505 461 403
148 972 354 534 409 104 805 468 84 478 408 949 589 849 853 578 238 217 968 660
497 76 699 912 700 396 275 782 699 104 747 660 66 532 747 416 878 5 843 803
36 945 623 996 732 848 745 806 257 484 122 146 197 955 259 157 585 79 163 307
185 190 257 353 613 389 462 150 585 730 978 224 521 566 137 120 421 166 822 278
413 422 611 101 530 801 977 130 193 764 583 108 99 304 221 728 472 864 920 108
449 694 132 788 71 689 380 618 82 852 286 445 859 74 707 957 934 411 590 110
962 950 280 441 801 87 877 606 946 633 34 653 460 296 913 787 622 273 661 550
735 186 708 827 782 63 169 652 669 666 887 976 60 750 110 134 441 937 617 61
776 90 423 670 474 207 795 622 862 31 765 370 926 737 774 630 434 522 508 63
791 641 858 145 489 905 444 832 3 120 880 103 37 833 895 691 128 807 168 219
228 469 9 847 295 524 385 661 845 220 263 654 691 446 647 642 493 42 909 709
782 530 930 860 22 811 775 200 474 641 796 456 32 9 201 235 347 420 261 568
66 309 492 873 246 949 979 115 795 217 498 112 989 635 712 600 964 687 573 735
